1.000000000000000056e-01 1.383413364799999954e+02 2.731476988800000072e+02 6.512043807999999956e+01
2.000000000000000111e-01 1.117013364799999948e+02 2.307395361599999717e+02 8.039403807999998719e+01
2.999999999999999889e-01 1.004197523200000006e+02 2.041747556800000041e+02 8.275700607999999647e+01
4.000000000000000222e-01 9.259149359999999263e+01 1.829033313599999815e+02 8.166664271999999869e+01
5.000000000000000000e-01 8.614457807999998806e+01 1.646810385599999904e+02 7.919494799999999657e+01
5.999999999999999778e-01 8.038831935999999700e+01 1.486610982399999727e+02 7.603257872000000361e+01
6.999999999999999556e-01 7.502673520000000451e+01 1.344060224000000119e+02 7.247554671999999698e+01
8.000000000000000444e-01 6.991181376000000114e+01 1.216395542399999954e+02 6.867185200000000123e+01
9.000000000000000222e-01 6.496133807999999021e+01 1.101632257600000031e+02 6.470370560000000637e+01
1.000000000000000000e+00 6.012597087999999701e+01 9.982232959999998911e+01 6.062045664000000045e+01
1.100000000000000089e+00 5.537432254399999465e+01 9.048998240000000237e+01 5.645348289599999703e+01
1.199999999999999956e+00 5.068546231999999918e+01 8.205868287999999211e+01 5.222372399999999715e+01
1.300000000000000044e+00 4.604490041599999728e+01 7.443555216000000030e+01 4.794566678399999660e+01
1.399999999999999911e+00 4.144228748799999096e+01 6.753966384000000289e+01 4.362966059200000046e+01
1.500000000000000000e+00 3.687003350399999846e+01 6.130218607999999847e+01 3.928329604800000396e+01
1.600000000000000089e+00 3.232244579199999635e+01 5.567282788799999338e+01 3.491226404799999727e+01
1.699999999999999956e+00 2.779517196799999823e+01 5.063555316799999417e+01 3.052091875199999649e+01
1.800000000000000044e+00 2.328482638399999871e+01 4.621729555199999595e+01 2.611264521599999711e+01
1.899999999999999911e+00 1.878873556799999989e+01 4.243941735999999310e+01 2.169011632000000134e+01
2.000000000000000000e+00 1.430476239999999954e+01 3.919366428799999369e+01 1.725547096000000025e+01
2.100000000000000089e+00 9.831174687999999051e+00 3.617883383999999580e+01 1.281043955199999829e+01
2.200000000000000178e+00 5.208470582399999493e+00 3.307755540799999494e+01 8.328923183999998869e+00
2.299999999999999822e+00 5.888107183999999883e+00 2.984027859199999710e+01 4.725887455999999709e+00
2.399999999999999911e+00 4.551622843199999657e+00 2.670571910399999993e+01 1.901180827199999923e+00
2.500000000000000000e+00 4.122258089599999842e+00 2.392829308800000021e+01 1.745847545599999717e-01
2.600000000000000089e+00 3.929398934399999543e+00 2.157415358400000116e+01 -7.084180432000000138e-01
2.700000000000000178e+00 3.503178233599999469e+00 1.956318878399999761e+01 -1.113103974399999974e+00
2.799999999999999822e+00 2.992581548799999602e+00 1.779545014400000014e+01 -1.181412308799999922e+00
2.899999999999999911e+00 2.592442295999999757e+00 1.620820697599999960e+01 -1.058529566400000066e+00
3.000000000000000000e+00 2.192324000000000161e+00 7.310342192000000239e+00 -8.342176879999998462e-01
3.100000000000000089e+00 1.768791807999999799e+00 5.987131023999999968e+00 -5.387797683199999632e-01
3.200000000000000178e+00 1.460005614399999763e+00 5.581246647999999588e+00 -2.356957305600000108e-01
3.299999999999999822e+00 1.229268345599999979e+00 4.877001908799999619e+00 6.190925840000000013e-02
3.399999999999999911e+00 1.002492444800000104e+00 4.042804881600000400e+00 3.310707548799999844e-01
3.500000000000000000e+00 7.663638319999999116e-01 3.248716979199999688e+00 4.547638150399999635e-01
3.600000000000000089e+00 5.876209523200000007e-01 2.604658807999999937e+00 5.339133684800000390e-01
3.700000000000000178e+00 4.999247067200000005e-01 2.142545028799999862e+00 5.481185801600000351e-01
3.799999999999999822e+00 5.185085339199999588e-01 1.836816929599999870e+00 4.090819100799999997e-01
3.899999999999999911e+00 6.160510063999999897e-01 1.638541684800000064e+00 2.123052067200000004e-01
4.000000000000000000e+00 7.179618527999999111e-01 1.501616524799999963e+00 -2.495905566400000164e-02
4.099999999999999645e+00 7.890209743999999636e-01 1.393953628799999844e+00 -2.372205094400000047e-01
4.200000000000000178e+00 8.168635039999999625e-01 1.297572476799999874e+00 -4.612656326399999784e-01
4.299999999999999822e+00 8.592936239999999781e-01 1.204356571199999948e+00 -6.559621072000000330e-01
4.400000000000000355e+00 8.799094911999999491e-01 1.111915889599999874e+00 -8.144699295999999755e-01
4.500000000000000000e+00 9.119080384000000095e-01 1.020970185599999969e+00 -9.304432031999999575e-01
4.599999999999999645e+00 9.734464976000000158e-01 9.339988143999999881e-01 -1.025488862400000034e+00
4.700000000000000178e+00 1.071934814399999825e+00 8.545100863999999241e-01 -1.109256921600000112e+00
4.799999999999999822e+00 1.185370420799999991e+00 7.864619360000000281e-01 -1.165039601599999974e+00
4.900000000000000355e+00 1.304743609600000021e+00 7.336299023999999225e-01 -1.196218761599999958e+00
5.000000000000000000e+00 1.352889963199999990e+00 6.989089247999998866e-01 -1.205472136000000027e+00
5.099999999999999645e+00 1.344628425599999844e+00 6.836434352000000381e-01 -1.191373419199999839e+00
5.200000000000000178e+00 1.288057793599999945e+00 6.871268223999998925e-01 -1.155110340799999857e+00
5.299999999999999822e+00 1.191047996799999842e+00 7.064075520000000497e-01 -1.087468657599999888e+00
5.400000000000000355e+00 1.106489084799999967e+00 7.364932880000000237e-01 -1.000814716800000115e+00
5.500000000000000000e+00 1.013970199999999933e+00 7.709597647999999470e-01 -9.143882815999998526e-01
5.599999999999999645e+00 9.321315279999999870e-01 8.028783919999998853e-01 -8.193770767999999372e-01
5.700000000000000178e+00 8.486325919999998524e-01 8.258918591999999670e-01 -7.452515727999999839e-01
5.799999999999999822e+00 7.948672703999999367e-01 8.352205952000000266e-01 -6.838528847999999494e-01
5.900000000000000355e+00 7.513889551999999306e-01 8.283890928000000597e-01 -6.493198672000000116e-01
6.000000000000000000e+00 7.150913631999998854e-01 8.055229151999999671e-01 -6.250285087999999378e-01
6.099999999999999645e+00 6.879991344000000453e-01 7.691642879999999183e-01 -6.265978415999999829e-01
6.200000000000000178e+00 6.748962207999998908e-01 7.236654768000000404e-01 -6.356337744000000178e-01
6.299999999999999822e+00 6.548693343999999472e-01 6.743097855999999890e-01 -6.489560239999999647e-01
6.400000000000000355e+00 6.715497631999999273e-01 6.263594432000000323e-01 -6.656036559999999325e-01
6.500000000000000000e+00 6.650979696000000052e-01 5.842252580799999206e-01 -6.676202447999999290e-01
6.599999999999999645e+00 6.812397968000000192e-01 5.509049169599999907e-01 -6.729434495999999655e-01
6.700000000000000178e+00 6.936661135999999672e-01 5.277565329600000243e-01 -6.892362960000000260e-01
6.799999999999999822e+00 7.082185983999998991e-01 5.145941884799999366e-01 -6.846076255999999916e-01
6.900000000000000355e+00 7.130782079999998802e-01 5.100254935999999351e-01 -6.845114848000000141e-01
7.000000000000000000e+00 7.110886144000000408e-01 5.119176144000000539e-01 -6.774942720000000085e-01
7.099999999999999645e+00 6.976302047999999312e-01 5.178763607999999907e-01 -6.596400847999999151e-01
7.200000000000000178e+00 6.753013855999999704e-01 5.755555542399999336e-01 -6.374786832000000070e-01
7.299999999999999822e+00 6.627037439999999835e-01 5.676712331200000072e-01 -6.197653328000000128e-01
7.400000000000000355e+00 6.228999135999999659e-01 5.600000024000000298e-01 -5.943388735999999284e-01
7.500000000000000000e+00 5.882575831999999894e-01 5.525333313599999352e-01 -5.614863545599999561e-01
7.599999999999999645e+00 5.721567164799999938e-01 5.452631569600000505e-01 -5.376409615999999669e-01
7.700000000000000178e+00 5.372645916799999588e-01 5.381818187199999270e-01 -5.209210937599999536e-01
7.799999999999999822e+00 5.257865996799999664e-01 5.312820527999999598e-01 -5.024233492799999867e-01
7.900000000000000355e+00 5.064519980799999654e-01 5.245569623999999376e-01 -4.925330302400000027e-01
8.000000000000000000e+00 5.003622716799999148e-01 5.180000000000000160e-01 -4.869299219199999529e-01
8.099999999999999645e+00 4.739312535999999909e-01 5.116049377599999337e-01 -4.805364817599999672e-01
8.199999999999999289e+00 4.657196038399999960e-01 5.053658556799999202e-01 -4.755329628800000208e-01
8.300000000000000711e+00 4.618378894399999823e-01 4.992771060799999217e-01 -4.836886035199999267e-01
8.400000000000000355e+00 4.655266828799999868e-01 4.933333313599999603e-01 -4.772378044799999719e-01
8.500000000000000000e+00 4.758267014399999995e-01 4.875294107200000004e-01 -4.770381820799999839e-01
8.599999999999999645e+00 4.639832264000000039e-01 4.818604660799999384e-01 -4.844653963199999636e-01
8.699999999999999289e+00 4.540453934399999447e-01 4.763218383999999750e-01 -4.828484075199999670e-01
8.800000000000000711e+00 4.428215174399999787e-01 4.709090935999999394e-01 -4.755786652799999792e-01
8.900000000000000355e+00 4.630978311999999764e-01 4.656179751999999783e-01 -4.659612523200000189e-01
9.000000000000000000e+00 4.609012566399999788e-01 4.604444457599999874e-01 -4.603733347199999715e-01
9.099999999999999645e+00 4.553846158399999511e-01 4.553846158399999511e-01 -4.553846158399999511e-01
9.199999999999999289e+00 4.504347854399999851e-01 4.504347854399999851e-01 -4.504347854399999851e-01
9.300000000000000711e+00 4.455913966399999704e-01 4.455913966399999704e-01 -4.455913966399999704e-01
9.400000000000000355e+00 4.408510631999999485e-01 4.408510631999999485e-01 -4.408510631999999485e-01
9.500000000000000000e+00 4.362105291199999679e-01 4.362105291199999679e-01 -4.362105291199999679e-01
9.599999999999999645e+00 4.316666686399999731e-01 4.316666686399999731e-01 -4.316666686399999731e-01
9.699999999999999289e+00 4.272164921599999610e-01 4.272164921599999610e-01 -4.272164921599999610e-01
9.800000000000000711e+00 4.228571403199999357e-01 4.228571403199999357e-01 -4.228571403199999357e-01
9.900000000000000355e+00 4.185858603199999473e-01 4.185858603199999473e-01 -4.185858603199999473e-01
1.000000000000000000e+01 4.143999999999999351e-01 4.143999999999999351e-01 -4.143999999999999351e-01
1.009999999999999964e+01 4.102970315200000218e-01 4.102970315200000218e-01 -4.102970315200000218e-01
1.019999999999999929e+01 4.062745099199999710e-01 4.062745099199999710e-01 -4.062745099199999710e-01
1.030000000000000071e+01 4.023300967999999811e-01 4.023300967999999811e-01 -4.023300967999999811e-01
1.040000000000000036e+01 3.984615366399999470e-01 3.984615366399999470e-01 -3.984615366399999470e-01
1.050000000000000000e+01 3.946666686399999957e-01 3.946666686399999957e-01 -3.946666686399999957e-01
1.059999999999999964e+01 3.909433971199999802e-01 3.909433971199999802e-01 -3.909433971199999802e-01
1.069999999999999929e+01 3.872897211199999856e-01 3.872897211199999856e-01 -3.872897211199999856e-01
1.080000000000000071e+01 3.837037047999999895e-01 3.837037047999999895e-01 -3.837037047999999895e-01
1.090000000000000036e+01 3.801834833599999630e-01 3.801834833599999630e-01 -3.801834833599999630e-01
1.100000000000000000e+01 3.767272748799999627e-01 3.767272748799999627e-01 -3.767272748799999627e-01
1.109999999999999964e+01 3.733333329599999861e-01 3.733333329599999861e-01 -3.733333329599999861e-01
1.119999999999999929e+01 3.699999999999999956e-01 3.699999999999999956e-01 -3.699999999999999956e-01
1.130000000000000071e+01 3.667256657599999858e-01 3.667256657599999858e-01 -3.667256657599999858e-01
1.140000000000000036e+01 3.635087732799999749e-01 3.635087732799999749e-01 -3.635087732799999749e-01
1.150000000000000000e+01 3.603478247999999939e-01 3.603478247999999939e-01 -3.603478247999999939e-01
1.159999999999999964e+01 3.572413817599999764e-01 3.572413817599999764e-01 -3.572413817599999764e-01
1.169999999999999929e+01 3.541880351999999732e-01 3.541880351999999732e-01 -3.541880351999999732e-01
1.180000000000000071e+01 3.511864412799999835e-01 3.511864412799999835e-01 -3.511864412799999835e-01
1.190000000000000036e+01 3.482352916799999476e-01 3.482352916799999476e-01 -3.482352916799999476e-01
1.200000000000000000e+01 3.453333313599999954e-01 3.453333313599999954e-01 -3.453333313599999954e-01
1.209999999999999964e+01 3.424793408000000317e-01 3.424793408000000317e-01 -3.424793408000000317e-01
1.219999999999999929e+01 3.396721300800000232e-01 3.396721300800000232e-01 -3.396721300800000232e-01
1.230000000000000071e+01 3.369105684800000056e-01 3.369105684800000056e-01 -3.369105684800000056e-01
1.240000000000000036e+01 3.341935489599999753e-01 3.341935489599999753e-01 -3.341935489599999753e-01
1.250000000000000000e+01 3.315200000000000369e-01 3.315200000000000369e-01 -3.315200000000000369e-01
1.259999999999999964e+01 3.288888915199999485e-01 3.288888915199999485e-01 -3.288888915199999485e-01
1.269999999999999929e+01 3.262992111999999945e-01 3.262992111999999945e-01 -3.262992111999999945e-01
1.280000000000000071e+01 3.237499999999999822e-01 3.237499999999999822e-01 -3.237499999999999822e-01
1.290000000000000036e+01 3.212403107199999774e-01 3.212403107199999774e-01 -3.212403107199999774e-01
1.300000000000000000e+01 3.187692316799999870e-01 3.187692316799999870e-01 -3.187692316799999870e-01
1.309999999999999964e+01 3.163358807999999689e-01 3.163358807999999689e-01 -3.163358807999999689e-01
1.319999999999999929e+01 3.139393937599999629e-01 3.139393937599999629e-01 -3.139393937599999629e-01
1.330000000000000071e+01 3.115789476799999402e-01 3.115789476799999402e-01 -3.115789476799999402e-01
1.340000000000000036e+01 3.092537315200000192e-01 3.092537315200000192e-01 -3.092537315200000192e-01
1.350000000000000000e+01 3.069629638399999916e-01 3.069629638399999916e-01 -3.069629638399999916e-01
1.359999999999999964e+01 3.047058809599999529e-01 3.047058809599999529e-01 -3.047058809599999529e-01
1.369999999999999929e+01 3.024817547199999956e-01 3.024817547199999956e-01 -3.024817547199999956e-01
1.380000000000000071e+01 3.002898569599999901e-01 3.002898569599999901e-01 -3.002898569599999901e-01
1.390000000000000036e+01 2.981294950399999699e-01 2.981294950399999699e-01 -2.981294950399999699e-01
1.400000000000000000e+01 2.959999999999999853e-01 2.959999999999999853e-01 -2.959999999999999853e-01
1.409999999999999964e+01 2.939007087999999657e-01 2.939007087999999657e-01 -2.939007087999999657e-01
1.419999999999999929e+01 2.918309879999999579e-01 2.918309879999999579e-01 -2.918309879999999579e-01
1.430000000000000071e+01 2.897902100799999991e-01 2.897902100799999991e-01 -2.897902100799999991e-01
1.440000000000000036e+01 2.877777771199999668e-01 2.877777771199999668e-01 -2.877777771199999668e-01
1.450000000000000000e+01 2.857931030399999961e-01 2.857931030399999961e-01 -2.857931030399999961e-01
1.459999999999999964e+01 2.838356135999999807e-01 2.838356135999999807e-01 -2.838356135999999807e-01
1.469999999999999929e+01 2.819047641599999876e-01 2.819047641599999876e-01 -2.819047641599999876e-01
1.480000000000000071e+01 2.799999982399999920e-01 2.799999982399999920e-01 -2.799999982399999920e-01
1.490000000000000036e+01 2.781208067199999467e-01 2.781208067199999467e-01 -2.781208067199999467e-01
1.500000000000000000e+01 2.762666686399999905e-01 2.762666686399999905e-01 -2.762666686399999905e-01
1.509999999999999964e+01 2.744370867200000008e-01 2.744370867200000008e-01 -2.744370867200000008e-01
1.519999999999999929e+01 2.726315814399999926e-01 2.726315814399999926e-01 -2.726315814399999926e-01
1.530000000000000071e+01 2.708496732799999807e-01 2.708496732799999807e-01 -2.708496732799999807e-01
1.540000000000000036e+01 2.690909063999999962e-01 2.690909063999999962e-01 -2.690909063999999962e-01
1.550000000000000000e+01 2.673548367999999953e-01 2.673548367999999953e-01 -2.673548367999999953e-01
1.559999999999999964e+01 2.656410263999999799e-01 2.656410263999999799e-01 -2.656410263999999799e-01
1.569999999999999929e+01 2.639490430399999976e-01 2.639490430399999976e-01 -2.639490430399999976e-01
1.580000000000000071e+01 2.622784782400000014e-01 2.622784782400000014e-01 -2.622784782400000014e-01
1.590000000000000036e+01 2.606289294399999901e-01 2.606289294399999901e-01 -2.606289294399999901e-01
1.600000000000000000e+01 2.590000000000000080e-01 2.590000000000000080e-01 -2.590000000000000080e-01
1.610000000000000142e+01 2.573913051199999691e-01 2.573913051199999691e-01 -2.573913051199999691e-01
1.619999999999999929e+01 2.558024718399999897e-01 2.558024718399999897e-01 -2.558024718399999897e-01
1.630000000000000071e+01 2.542331272000000197e-01 2.542331272000000197e-01 -2.542331272000000197e-01
1.639999999999999858e+01 2.526829278399999601e-01 2.526829278399999601e-01 -2.526829278399999601e-01
1.650000000000000000e+01 2.511515126400000186e-01 2.511515126400000186e-01 -2.511515126400000186e-01
1.660000000000000142e+01 2.496385559999999837e-01 2.496385559999999837e-01 -2.496385559999999837e-01
1.669999999999999929e+01 2.481437145599999783e-01 2.481437145599999783e-01 -2.481437145599999783e-01
1.680000000000000071e+01 2.466666686400000030e-01 2.466666686400000030e-01 -2.466666686400000030e-01
1.689999999999999858e+01 2.452070985599999753e-01 2.452070985599999753e-01 -2.452070985599999753e-01
1.700000000000000000e+01 2.437647083199999676e-01 2.437647083199999676e-01 -2.437647083199999676e-01
1.710000000000000142e+01 2.423391841599999985e-01 2.423391841599999985e-01 -2.423391841599999985e-01
1.719999999999999929e+01 2.409302300800000018e-01 2.409302300800000018e-01 -2.409302300800000018e-01
1.730000000000000071e+01 2.395375737599999832e-01 2.395375737599999832e-01 -2.395375737599999832e-01
1.739999999999999858e+01 2.381609191999999875e-01 2.381609191999999875e-01 -2.381609191999999875e-01
1.750000000000000000e+01 2.368000000000000105e-01 2.368000000000000105e-01 -2.368000000000000105e-01
1.760000000000000142e+01 2.354545438400000024e-01 2.354545438400000024e-01 -2.354545438400000024e-01
1.769999999999999929e+01 2.341242961599999950e-01 2.341242961599999950e-01 -2.341242961599999950e-01
1.780000000000000071e+01 2.328089905599999843e-01 2.328089905599999843e-01 -2.328089905599999843e-01
1.789999999999999858e+01 2.315083783999999645e-01 2.315083783999999645e-01 -2.315083783999999645e-01
1.800000000000000000e+01 2.302222228799999937e-01 2.302222228799999937e-01 -2.302222228799999937e-01
1.810000000000000142e+01 2.289502753600000107e-01 2.289502753600000107e-01 -2.289502753600000107e-01
1.819999999999999929e+01 2.276923049599999804e-01 2.276923049599999804e-01 -2.276923049599999804e-01
1.830000000000000071e+01 2.264480867199999692e-01 2.264480867199999692e-01 -2.264480867199999692e-01
1.839999999999999858e+01 2.252173897599999697e-01 2.252173897599999697e-01 -2.252173897599999697e-01
1.850000000000000000e+01 2.240000009600000008e-01 2.240000009600000008e-01 -2.240000009600000008e-01
1.860000000000000142e+01 2.227957012800000081e-01 2.227957012800000081e-01 -2.227957012800000081e-01
1.869999999999999929e+01 2.216042776000000103e-01 2.216042776000000103e-01 -2.216042776000000103e-01
1.880000000000000071e+01 2.204255345599999971e-01 2.204255345599999971e-01 -2.204255345599999971e-01
1.889999999999999858e+01 2.192592590399999875e-01 2.192592590399999875e-01 -2.192592590399999875e-01
1.900000000000000000e+01 2.181052616000000166e-01 2.181052616000000166e-01 -2.181052616000000166e-01
1.910000000000000142e+01 2.169633528000000089e-01 2.169633528000000089e-01 -2.169633528000000089e-01
1.919999999999999929e+01 2.158333313599999914e-01 2.158333313599999914e-01 -2.158333313599999914e-01
1.930000000000000071e+01 2.147150255999999979e-01 2.147150255999999979e-01 -2.147150255999999979e-01
1.939999999999999858e+01 2.136082460799999805e-01 2.136082460799999805e-01 -2.136082460799999805e-01
1.950000000000000000e+01 2.125128211199999728e-01 2.125128211199999728e-01 -2.125128211199999728e-01
1.960000000000000142e+01 2.114285731199999907e-01 2.114285731199999907e-01 -2.114285731199999907e-01
1.969999999999999929e+01 2.103553303999999846e-01 2.103553303999999846e-01 -2.103553303999999846e-01
1.980000000000000071e+01 2.092929272000000063e-01 2.092929272000000063e-01 -2.092929272000000063e-01
1.989999999999999858e+01 2.082412036799999866e-01 2.082412036799999866e-01 -2.082412036799999866e-01
2.000000000000000000e+01 2.071999999999999675e-01 2.071999999999999675e-01 -2.071999999999999675e-01
